[gd_scene load_steps=8 format=3 uid="uid://du65dj4l02mff"]

[ext_resource type="PackedScene" uid="uid://bewgvua06bquf" path="res://scenes/floor.tscn" id="1_sxksi"]
[ext_resource type="PackedScene" uid="uid://dj1ve85ridjbd" path="res://scenes/falling_box.tscn" id="2_kt5b4"]
[ext_resource type="PackedScene" uid="uid://cs8nlsal0kejw" path="res://scenes/player.tscn" id="3_oxouu"]
[ext_resource type="PackedScene" uid="uid://r0ung3j7ie2e" path="res://scenes/sea.tscn" id="4_6g3x6"]
[ext_resource type="Script" path="res://scenes/Boat.gd" id="5_ykmco"]

[sub_resource type="BoxMesh" id="BoxMesh_ga7xf"]

[sub_resource type="BoxShape3D" id="BoxShape3D_vkdo0"]

[node name="Level1" type="Node3D"]

[node name="Floor" parent="." instance=ExtResource("1_sxksi")]
transform = Transform3D(1, 0, 0, 0, 1, 0, 0, 0, 1, 0, -43.9944, 0)

[node name="Blocks" type="Node3D" parent="."]
transform = Transform3D(1, 0, 0, 0, 1, 0, 0, 0, 1, 0, -80.4784, 0)
visible = false

[node name="FallingBox" parent="Blocks" instance=ExtResource("2_kt5b4")]
transform = Transform3D(0.729661, 0.438318, 0.524854, -0.683809, 0.467709, 0.560048, 0, -0.767546, 0.640994, 1, 6.48054, -1.80375)

[node name="FallingBox2" parent="Blocks" instance=ExtResource("2_kt5b4")]
transform = Transform3D(0.729661, 0.438318, 0.524854, -0.683809, 0.467709, 0.560048, 0, -0.767546, 0.640994, -0.418499, 5.33422, -2.8192)

[node name="FallingBox3" parent="Blocks" instance=ExtResource("2_kt5b4")]
transform = Transform3D(0.729661, 0.438318, 0.524854, -0.532679, 0.84562, 0.0343425, -0.428775, -0.304637, 0.850499, -0.418499, 5.21133, -0.908537)

[node name="Player" parent="." instance=ExtResource("3_oxouu")]
transform = Transform3D(1, 0, 0, 0, 1, 0, 0, 0, 1, 0, -34.4832, -0.0333152)
visible = false

[node name="Sea" parent="." instance=ExtResource("4_6g3x6")]
transform = Transform3D(1, 0, 0, 0, 1, 0, 0, 0, 1, 0, 0, 0)

[node name="SpotLight3D" type="SpotLight3D" parent="."]
transform = Transform3D(1, 0, 0, 0, 0.203488, 0.979077, 0, -0.979077, 0.203488, 0, 82.6903, 55)
visible = false
light_energy = 3.067
light_indirect_energy = 2.348
light_volumetric_fog_energy = 3.056

[node name="Cube" type="RigidBody3D" parent="."]
transform = Transform3D(1, 0, 0, 0, 1, 0, 0, 0, 1, 1, 3.51224, 2)
script = ExtResource("5_ykmco")
float_force = 3.0

[node name="MeshInstance3D" type="MeshInstance3D" parent="Cube"]
mesh = SubResource("BoxMesh_ga7xf")

[node name="CollisionShape3D" type="CollisionShape3D" parent="Cube"]
shape = SubResource("BoxShape3D_vkdo0")

[node name="Camera3D" type="Camera3D" parent="."]
transform = Transform3D(-0.999232, 0, -0.03919, 0, 1, 0, 0.03919, 0, -0.999232, 2.36707, 1.18096, -11.4175)
fov = 39.4

[editable path="Sea"]
